0.000000 
0.010682 
0.021185 
0.031333 
0.040951 
0.049875 
0.057947 
0.065021 
0.070961 
0.075651 
0.078987 
0.080887 
0.081288 
0.080151 
0.077460 
0.073222 
0.067473 
0.060275 
0.051714 
0.041905 
0.030990 
0.019133 
0.006523 
-0.006631 
-0.020100 
-0.033641 
-0.046999 
-0.059911 
-0.072113 
-0.083339 
-0.093334 
-0.101853 
-0.108669 
-0.113579 
-0.116406 
-0.117008 
-0.115281 
-0.111159 
-0.104626 
-0.095709 
-0.084487 
-0.071089 
-0.055691 
-0.038522 
-0.019853 
0.000000 
0.020683 
0.041810 
0.062969 
0.083729 
0.103649 
0.122286 
0.139205 
0.153987 
0.166241 
0.175613 
0.181791 
0.184519 
0.183602 
0.178912 
0.170394 
0.158073 
0.142053 
0.122517 
0.099731 
0.074040 
0.045859 
0.015675 
-0.015967 
-0.048472 
-0.081202 
-0.113492 
-0.144664 
-0.174034 
-0.200936 
-0.224728 
-0.244812 
-0.260645 
-0.271755 
-0.277749 
-0.278331 
-0.273305 
-0.262585 
-0.246201 
-0.224303 
-0.197157 
-0.165149 
-0.128777 
-0.088646 
-0.045458 
0.000000 
0.046871 
0.094242 
0.141161 
0.186658 
0.229762 
0.269525 
0.305039 
0.335459 
0.360018 
0.378050 
0.389006 
0.392464 
0.388148 
0.375933 
0.355852 
0.328102 
0.293042 
0.251191 
0.203221 
0.149943 
0.092303 
0.031357 
-0.031746 
-0.095782 
-0.159479 
-0.221542 
-0.280678 
-0.335623 
-0.385170 
-0.428194 
-0.463675 
-0.490726 
-0.508612 
-0.516767 
-0.514811 
-0.502564 
-0.480048 
-0.447497 
-0.405352 
-0.354259 
-0.295061 
-0.228778 
-0.156601 
-0.079857 
0.000000 
0.081431 
0.162834 
0.242573 
0.319019 
0.390578 
0.455724 
0.513036 
0.561222 
0.599153 
0.625888 
0.640694 
0.643068 
0.632750 
0.609728 
0.574251 
0.526819 
0.468185 
0.399338 
0.321488 
0.236049 
0.144604 
0.048888 
-0.049258 
-0.147911 
-0.245112 
-0.338903 
-0.427364 
-0.508658 
-0.581062 
-0.643011 
-0.693126 
-0.730249 
-0.753466 
-0.762130 
-0.755879 
-0.734643 
-0.698654 
-0.648442 
-0.584828 
-0.508912 
-0.422056 
-0.325854 
-0.222105 
-0.112785 
0.000001 
0.114050 
0.227114 
0.336941 
0.441314 
0.538107 
0.625318 
0.701124 
0.763903 
0.812283 
0.845164 
0.861745 
0.861545 
0.844410 
0.810527 
0.760414 
0.694922 
0.615213 
0.522746 
0.419241 
0.306660 
0.187156 
0.063036 
-0.063276 
-0.189303 
-0.312547 
-0.430552 
-0.540949 
-0.641500 
-0.730153 
-0.805073 
-0.864693 
-0.907736 
-0.933248 
-0.940618 
-0.929593 
-0.900283 
-0.853164 
-0.789069 
-0.709170 
-0.614965 
-0.508236 
-0.391031 
-0.265613 
-0.134414 
-0.000001 
0.134993 
0.267904 
0.396105 
0.517047 
0.628322 
0.727696 
0.813171 
0.883016 
0.935804 
0.970442 
0.986193 
0.982695 
0.959966 
0.918404 
0.858786 
0.782244 
0.690251 
0.584588 
0.467307 
0.340705 
0.207258 
0.069582 
-0.069618 
-0.207607 
-0.341660 
-0.469140 
-0.587533 
-0.694506 
-0.787950 
-0.866018 
-0.927176 
-0.970219 
-0.994305 
-0.998964 
-0.984112 
-0.950053 
-0.897470 
-0.827410 
-0.741272 
-0.640765 
-0.527884 
-0.404864 
-0.274136 
-0.138289 
0.000000 
0.138009 
0.273026 
0.402408 
0.523618 
0.634299 
0.732303 
0.815741 
0.883017 
0.932855 
0.964334 
0.976898 
0.970365 
0.944931 
0.901170 
0.840012 
0.762729 
0.670905 
0.566405 
0.451344 
0.328026 
0.198913 
0.066566 
-0.066394 
-0.197357 
-0.323760 
-0.443148 
-0.553219 
-0.651860 
-0.737204 
-0.807656 
-0.861927 
-0.899054 
-0.918417 
-0.919756 
-0.903168 
-0.869101 
-0.818347 
-0.752027 
-0.671555 
-0.578617 
-0.475135 
-0.363218 
-0.245137 
-0.123257 
-0.000001 
0.122203 
0.240958 
0.353967 
0.459064 
0.554256 
0.637769 
0.708069 
0.763903 
0.804316 
0.828665 
0.836635 
0.828233 
0.803794 
0.763966 
0.709693 
0.642196 
0.562946 
0.473630 
0.376113 
0.272404 
0.164608 
0.054895 
-0.054561 
-0.161614 
-0.264192 
-0.360339 
-0.448242 
-0.526284 
-0.593060 
-0.647407 
-0.688420 
-0.715475 
-0.728231 
-0.726633 
-0.710914 
-0.681583 
-0.639411 
-0.585413 
-0.520822 
-0.447064 
-0.365729 
-0.278528 
-0.187267 
-0.093801 
0.000001 
0.092284 
0.181263 
0.265241 
0.342650 
0.412082 
0.472301 
0.522282 
0.561222 
0.588545 
0.603922 
0.607261 
0.598717 
0.578673 
0.547736 
0.506719 
0.456619 
0.398596 
0.333945 
0.264064 
0.190437 
0.114586 
0.038049 
-0.037652 
-0.111047 
-0.180733 
-0.245418 
-0.303932 
-0.355257 
-0.398536 
-0.433090 
-0.458433 
-0.474269 
-0.480502 
-0.477227 
-0.464727 
-0.443462 
-0.414059 
-0.377289 
-0.334056 
-0.285368 
-0.232319 
-0.176065 
-0.117794 
-0.058710 
0.000000 
0.057186 
0.111758 
0.162708 
0.209120 
0.250201 
0.285280 
0.313828 
0.335459 
0.349936 
0.357172 
0.357228 
0.350308 
0.336748 
0.317010 
0.291664 
0.261378 
0.226899 
0.189035 
0.148639 
0.106590 
0.063771 
0.021054 
-0.020716 
-0.060742 
-0.098286 
-0.132684 
-0.163357 
-0.189817 
-0.211679 
-0.228664 
-0.240599 
-0.247417 
-0.249160 
-0.245966 
-0.238072 
-0.225797 
-0.209541 
-0.189767 
-0.166994 
-0.141780 
-0.114716 
-0.086404 
-0.057453 
-0.028460 
-0.000000 
0.027383 
0.053188 
0.076964 
0.098319 
0.116924 
0.132519 
0.144913 
0.153987 
0.159693 
0.162052 
0.161151 
0.157139 
0.150218 
0.140641 
0.128704 
0.114736 
0.099093 
0.082146 
0.064281 
0.045882 
0.027328 
0.008984 
-0.008803 
-0.025714 
-0.041457 
-0.055779 
-0.068463 
-0.079333 
-0.088254 
-0.095135 
-0.099925 
-0.102617 
-0.103242 
-0.101865 
-0.098589 
-0.093546 
-0.086891 
-0.078806 
-0.069490 
-0.059152 
-0.048015 
-0.036306 
-0.024251 
-0.012076 
-0.000000 
0.011767 
0.023028 
0.033599 
0.043314 
0.052025 
0.059604 
0.065945 
0.070961 
0.074590 
0.076791 
0.077545 
0.076855 
0.074746 
0.071263 
0.066472 
0.060456 
