0.076720 
0.076755 
0.076860 
0.077034 
0.077278 
0.077592 
0.077976 
0.078429 
0.078952 
0.079544 
0.080205 
0.080936 
0.081736 
0.082605 
0.083543 
0.084550 
0.085625 
0.086769 
0.087981 
0.089261 
0.090609 
0.092024 
0.093508 
0.095058 
0.096675 
0.098360 
0.100110 
0.101927 
0.103810 
0.105759 
0.107773 
0.109852 
0.111996 
0.114205 
0.116477 
0.118813 
0.121213 
0.123676 
0.126202 
0.128789 
0.131439 
0.134150 
0.136923 
0.139756 
0.142649 
0.145602 
0.148615 
0.151686 
0.154816 
0.158004 
0.161250 
0.164552 
0.167911 
0.171326 
0.174796 
0.178322 
0.181902 
0.185535 
0.189222 
0.192962 
0.196754 
0.200598 
0.204493 
0.208438 
0.212433 
0.216478 
0.220571 
0.224712 
0.228901 
0.233136 
0.237417 
0.241744 
0.246116 
0.250532 
0.254992 
0.259494 
0.264039 
0.268625 
0.273251 
0.277918 
0.282624 
0.287369 
0.292152 
0.296972 
0.301829 
0.306721 
0.311649 
0.316610 
0.321605 
0.326633 
0.331693 
0.336784 
0.341906 
0.347057 
0.352238 
0.357446 
0.362682 
0.367944 
0.373232 
0.378545 
0.383882 
0.389243 
0.394626 
0.400031 
0.405457 
0.410903 
0.416368 
0.421851 
0.427352 
0.432870 
0.438404 
0.443953 
0.449517 
0.455093 
0.460683 
0.466284 
0.471896 
0.477518 
0.483149 
0.488788 
0.494436 
0.500089 
0.505749 
0.511413 
0.517082 
0.522753 
0.528427 
0.534103 
0.539779 
0.545455 
0.551130 
0.556803 
0.562473 
0.568140 
0.573802 
0.579458 
0.585109 
0.590752 
0.596388 
0.602014 
0.607632 
0.613238 
0.618833 
0.624417 
0.629987 
0.635543 
0.641085 
0.646611 
0.652120 
0.657613 
0.663087 
0.668543 
0.673979 
0.679394 
0.684788 
0.690160 
0.695509 
0.700834 
0.706135 
0.711410 
0.716659 
0.721882 
0.727076 
0.732242 
0.737379 
0.742485 
0.747561 
0.752605 
0.757616 
0.762595 
0.767540 
0.772449 
0.777324 
0.782162 
0.786964 
0.791728 
0.796453 
0.801140 
0.805787 
0.810394 
0.814959 
0.819482 
0.823963 
0.828401 
0.832795 
0.837145 
0.841449 
0.845708 
0.849920 
0.854085 
0.858202 
0.862271 
0.866290 
0.870261 
0.874181 
0.878050 
0.881868 
0.885634 
0.889348 
0.893008 
0.896615 
0.900168 
0.903666 
0.907108 
0.910496 
0.913826 
0.917100 
0.920317 
0.923476 
0.926577 
0.929619 
0.932602 
0.935525 
0.938388 
0.941191 
0.943933 
0.946613 
0.949232 
0.951789 
0.954283 
0.956715 
0.959083 
0.961387 
0.963628 
0.965804 
0.967916 
0.969962 
0.971944 
0.973859 
0.975709 
0.977493 
0.979211 
0.980862 
0.982446 
0.983962 
0.985412 
0.986794 
0.988108 
0.989354 
0.990532 
0.991641 
0.992682 
0.993655 
0.994558 
0.995393 
0.996158 
0.996854 
0.997481 
0.998038 
0.998526 
0.998945 
0.999294 
0.999573 
0.999782 
0.999922 
0.999991 
0.999991 
0.999921 
0.999782 
0.999573 
0.999294 
0.998945 
0.998526 
0.998038 
0.997481 
0.996854 
0.996158 
0.995393 
0.994558 
0.993655 
0.992682 
0.991641 
0.990532 
0.989354 
0.988108 
0.986794 
0.985412 
0.983962 
0.982446 
0.980862 
0.979211 
0.977493 
0.975709 
0.973859 
0.971944 
0.969962 
0.967916 
0.965804 
0.963628 
0.961387 
0.959083 
0.956715 
0.954283 
0.951789 
0.949232 
0.946613 
0.943933 
0.941191 
0.938388 
0.935525 
0.932602 
0.929619 
0.926577 
0.923476 
0.920317 
0.917100 
0.913826 
0.910496 
0.907108 
0.903666 
0.900168 
0.896615 
0.893008 
0.889348 
0.885634 
0.881868 
0.878050 
0.874181 
0.870261 
0.866290 
0.862271 
0.858202 
0.854085 
0.849920 
0.845708 
0.841449 
0.837145 
0.832795 
0.828401 
0.823963 
0.819482 
0.814959 
0.810393 
0.805787 
0.801140 
0.796454 
0.791728 
0.786964 
0.782162 
0.777324 
0.772449 
0.767540 
0.762595 
0.757616 
0.752605 
0.747561 
0.742485 
0.737379 
0.732242 
0.727076 
0.721882 
0.716659 
0.711410 
0.706135 
0.700834 
0.695509 
0.690160 
0.684788 
0.679394 
0.673979 
0.668543 
0.663087 
0.657613 
0.652120 
0.646611 
0.641085 
0.635543 
0.629987 
0.624417 
0.618834 
0.613238 
0.607632 
0.602015 
0.596388 
0.590752 
0.585109 
0.579458 
0.573802 
0.568140 
0.562473 
0.556803 
0.551130 
0.545455 
0.539779 
0.534103 
0.528427 
0.522753 
0.517081 
0.511413 
0.505749 
0.500089 
0.494435 
0.488788 
0.483149 
0.477518 
0.471896 
0.466284 
0.460683 
0.455093 
0.449517 
0.443953 
0.438404 
0.432870 
0.427353 
0.421851 
0.416368 
0.410903 
0.405457 
0.400031 
0.394626 
0.389243 
0.383882 
0.378545 
0.373232 
0.367944 
0.362682 
0.357446 
0.352238 
0.347057 
0.341906 
0.336784 
0.331693 
0.326633 
0.321605 
0.316610 
0.311648 
0.306721 
0.301829 
0.296972 
0.292152 
0.287369 
0.282625 
0.277918 
0.273251 
0.268625 
0.264039 
0.259494 
0.254992 
0.250532 
0.246116 
0.241744 
0.237417 
0.233136 
0.228900 
0.224712 
0.220571 
0.216478 
0.212433 
0.208438 
0.204493 
0.200598 
0.196754 
0.192962 
0.189222 
0.185535 
0.181902 
0.178322 
0.174796 
0.171326 
0.167911 
0.164552 
0.161250 
0.158004 
0.154816 
0.151686 
0.148615 
0.145602 
0.142649 
0.139756 
0.136923 
0.134150 
0.131439 
0.128789 
0.126201 
0.123676 
0.121213 
0.118813 
0.116477 
0.114205 
0.111996 
0.109852 
0.107773 
0.105759 
0.103810 
0.101927 
0.100110 
0.098360 
0.096675 
0.095058 
0.093508 
0.092024 
0.090609 
0.089261 
0.087981 
0.086769 
0.085625 
0.084550 
0.083543 
0.082605 
0.081736 
0.080936 
0.080205 
0.079544 
0.078952 
0.078429 
0.077976 
0.077592 
0.077278 
0.077034 
0.076860 
0.076755 
0.076720 
